image: Spunge.png
resolution: 0.05
origin: [-2.7749999523162843, -2.1250000953674317, 0.0000]
negate: 0
occupied_thresh: 0.65
free_thresh: 0.196